-1.0,43.7126882,-72.2860817
-1.0,43.7126931,-72.2860729
-1.0,43.7126966,-72.2860622
-1.0,43.7126974,-72.2860409
-1.0,43.7126987,-72.2859932
-1.0,43.7127009,-72.2859952
-1.0,43.7127,-72.2859969
-1.0,43.7126946,-72.2860099
-1.0,43.7126903,-72.2860256
-1.0,43.7126849,-72.2860413
-1.0,43.7126813,-72.2860529
4.199999809265137,43.7126602,-72.2861171
3.200000047683716,43.7126556,-72.2861277
3.200000047683716,43.7126468,-72.2861288
3.200000047683716,43.7126423,-72.2861311
3.200000047683716,43.7126354,-72.2861341
3.200000047683716,43.712631,-72.2861358
3.200000047683716,43.7126256,-72.2861377
3.200000047683716,43.7126228,-72.2861393
3.200000047683716,43.7126184,-72.286139
3.200000047683716,43.7126173,-72.2861379
3.200000047683716,43.7126204,-72.2861313
3.200000047683716,43.7126222,-72.2861257
3.200000047683716,43.7126195,-72.2861217
3.200000047683716,43.7126201,-72.2861147
3.5999999046325684,43.7126199,-72.286113
3.200000047683716,43.7126188,-72.2861203
3.200000047683716,43.7126196,-72.2861257
3.5999999046325684,43.7126222,-72.2861229
3.200000047683716,43.7126248,-72.2861166
3.200000047683716,43.7126254,-72.2861154
3.200000047683716,43.7126256,-72.2861155
3.5999999046325684,43.7126253,-72.2861165
3.200000047683716,43.7126244,-72.2861178
3.200000047683716,43.7126232,-72.2861191
3.200000047683716,43.7126225,-72.2861223
3.5999999046325684,43.7126186,-72.2861312
3.200000047683716,43.7126146,-72.2861486
3.200000047683716,43.7126222,-72.286148
2.9000000953674316,43.7126359,-72.2861317
3.200000047683716,43.7126427,-72.2861273
3.9000000953674316,43.7126594,-72.2861409
4.199999809265137,43.7126637,-72.2861491
3.200000047683716,43.7126669,-72.286152
2.5999999046325684,43.7126694,-72.2861554
2.5999999046325684,43.7126707,-72.2861563
3.9000000953674316,43.7126696,-72.2861561
4.199999809265137,43.7126693,-72.2861658
2.200000047683716,43.712676,-72.286187
2.5999999046325684,43.7126779,-72.2862106
2.5999999046325684,43.7126749,-72.2862223
2.9000000953674316,43.7126696,-72.286239
3.200000047683716,43.7126656,-72.2862467
3.5999999046325684,43.7126625,-72.2862466
3.5999999046325684,43.7126603,-72.2862436
3.5999999046325684,43.7126513,-72.2862462
3.200000047683716,43.7126521,-72.2862425
3.200000047683716,43.7126547,-72.2862395
3.200000047683716,43.7126615,-72.2862353
3.200000047683716,43.7126638,-72.2862335
3.200000047683716,43.712659,-72.2862391
3.200000047683716,43.7126588,-72.2862293
3.200000047683716,43.712657,-72.286222
3.5999999046325684,43.7126592,-72.2862385
3.9000000953674316,43.7126594,-72.2862552
3.9000000953674316,43.7126559,-72.2862498
3.5999999046325684,43.7126542,-72.2862411
3.5999999046325684,43.7126525,-72.2862381
3.5999999046325684,43.712648,-72.2862363
3.5999999046325684,43.7126453,-72.2862325
3.5999999046325684,43.7126427,-72.2862113
3.200000047683716,43.71265,-72.2861929
3.200000047683716,43.7126637,-72.2861804
2.9000000953674316,43.7126553,-72.2861671
2.9000000953674316,43.7126238,-72.2861749
2.9000000953674316,43.7125954,-72.2861807
2.9000000953674316,43.7125808,-72.2861997
2.9000000953674316,43.7125766,-72.2862098
3.200000047683716,43.7125745,-72.2862155
3.200000047683716,43.712572,-72.2862185
3.200000047683716,43.7125703,-72.2862188
3.200000047683716,43.7125692,-72.2862212
3.200000047683716,43.7125694,-72.2862225
3.200000047683716,43.7125707,-72.2862256
3.200000047683716,43.7125717,-72.2862272
3.200000047683716,43.7125721,-72.2862297
3.5999999046325684,43.7125721,-72.2862311
3.200000047683716,43.7125724,-72.2862339
3.200000047683716,43.7125691,-72.2862372
3.200000047683716,43.7125645,-72.286234
3.200000047683716,43.7125589,-72.2862358
3.200000047683716,43.7125569,-72.2862368
3.200000047683716,43.7125525,-72.28624
3.200000047683716,43.7125495,-72.2862407
3.200000047683716,43.712544,-72.2862371
3.200000047683716,43.7125392,-72.2862363
3.200000047683716,43.7125376,-72.2862355
3.200000047683716,43.7125332,-72.2862355
3.200000047683716,43.7125304,-72.2862332
3.200000047683716,43.7125285,-72.2862324
3.200000047683716,43.712536,-72.2862368
3.200000047683716,43.7125475,-72.2862354
3.200000047683716,43.7125494,-72.2862373
3.200000047683716,43.7125473,-72.2862354
3.200000047683716,43.7125476,-72.286232
2.9000000953674316,43.7125463,-72.2862291
2.9000000953674316,43.7125457,-72.2862274
2.9000000953674316,43.7125447,-72.2862224
2.9000000953674316,43.7125434,-72.2862143
3.200000047683716,43.7125431,-72.2862119
2.9000000953674316,43.7125412,-72.2862087
2.9000000953674316,43.7125408,-72.2862076
2.9000000953674316,43.7125397,-72.2862046
2.9000000953674316,43.7125396,-72.2862042
2.9000000953674316,43.7125403,-72.2862054
2.9000000953674316,43.7125389,-72.2862072
2.9000000953674316,43.7125336,-72.286206
2.9000000953674316,43.7125324,-72.2862095
2.9000000953674316,43.7125315,-72.2862143
2.9000000953674316,43.7125311,-72.2862142
2.9000000953674316,43.7125273,-72.2862197
2.9000000953674316,43.7125253,-72.2862172
2.5999999046325684,43.7125267,-72.286214
2.5999999046325684,43.7125257,-72.2862098
2.5999999046325684,43.7125234,-72.2862026
2.5999999046325684,43.7125235,-72.286197
2.5999999046325684,43.7125274,-72.2861948
2.9000000953674316,43.7125283,-72.2861943
2.5999999046325684,43.7125213,-72.2861876
2.5999999046325684,43.7125203,-72.2861764
2.5999999046325684,43.7125211,-72.2861731
2.5999999046325684,43.712525,-72.286167
2.5999999046325684,43.7125241,-72.2861661
2.5999999046325684,43.7125226,-72.2861648
2.5999999046325684,43.7125169,-72.2861614
2.5999999046325684,43.7125161,-72.2861598
2.5999999046325684,43.7125157,-72.2861569
2.5999999046325684,43.7125163,-72.2861551
2.5999999046325684,43.7125183,-72.2861524
2.5999999046325684,43.7125192,-72.2861518
2.5999999046325684,43.7125171,-72.2861494
2.5999999046325684,43.7125162,-72.2861483
2.5999999046325684,43.7125164,-72.2861444
2.5999999046325684,43.7125151,-72.2861403
2.5999999046325684,43.7125122,-72.2861381
2.5999999046325684,43.7125139,-72.2861377
2.5999999046325684,43.7125208,-72.2861372
2.5999999046325684,43.712511,-72.2861264
2.5999999046325684,43.7125077,-72.2861238
2.5999999046325684,43.7125014,-72.2861212
2.5999999046325684,43.7124982,-72.286122
2.5999999046325684,43.7125029,-72.2861263
2.5999999046325684,43.7125102,-72.2861314
2.200000047683716,43.7125164,-72.2861369
2.200000047683716,43.7125217,-72.2861398
2.200000047683716,43.7125207,-72.2861389
2.200000047683716,43.7125206,-72.2861393
2.200000047683716,43.7125227,-72.2861423
2.200000047683716,43.712521,-72.286141
2.200000047683716,43.7125184,-72.2861404
2.200000047683716,43.7125151,-72.2861392
2.200000047683716,43.7125137,-72.2861392
2.200000047683716,43.712514,-72.2861402
2.200000047683716,43.7125133,-72.286142
2.200000047683716,43.7125137,-72.2861427
2.200000047683716,43.7125144,-72.2861434
2.200000047683716,43.7125153,-72.2861441
2.200000047683716,43.7125157,-72.286144
2.200000047683716,43.7125155,-72.286143
2.200000047683716,43.7125151,-72.2861428
2.200000047683716,43.712514,-72.2861411
2.200000047683716,43.7125127,-72.2861398
2.200000047683716,43.71251,-72.2861377
2.200000047683716,43.7125084,-72.286137
2.5999999046325684,43.7125076,-72.2861365
2.200000047683716,43.7125083,-72.286136
2.5999999046325684,43.7125077,-72.286136
2.5999999046325684,43.7125043,-72.2861347
2.5999999046325684,43.7125042,-72.2861356
2.5999999046325684,43.7125062,-72.2861403
2.5999999046325684,43.7125184,-72.2861546
2.5999999046325684,43.7125218,-72.2861615
2.5999999046325684,43.7125207,-72.286161
2.5999999046325684,43.7125225,-72.2861617
2.5999999046325684,43.712526,-72.286165
2.5999999046325684,43.7125278,-72.2861689
2.5999999046325684,43.7125315,-72.2861745
2.5999999046325684,43.7125397,-72.2861833
2.200000047683716,43.7125406,-72.2861861
2.200000047683716,43.7125353,-72.2861812
2.200000047683716,43.7125344,-72.2861807
2.200000047683716,43.7125346,-72.2861808
2.200000047683716,43.7125342,-72.2861784
2.200000047683716,43.7125313,-72.2861719
2.200000047683716,43.7125291,-72.2861681
2.200000047683716,43.7125264,-72.2861644
2.200000047683716,43.7125266,-72.2861613
2.200000047683716,43.7125259,-72.2861561
2.200000047683716,43.7125255,-72.2861564
2.200000047683716,43.7125227,-72.2861631
2.200000047683716,43.7125214,-72.2861617
2.200000047683716,43.71252,-72.2861627
2.200000047683716,43.7125139,-72.2861654
2.200000047683716,43.7125055,-72.2861671
2.200000047683716,43.7125,-72.2861694
2.200000047683716,43.7124979,-72.2861719
2.200000047683716,43.7124972,-72.2861759
2.200000047683716,43.7125003,-72.2861763
2.200000047683716,43.712503,-72.2861744
2.200000047683716,43.7124907,-72.2861756
2.200000047683716,43.7124706,-72.2861803
2.5999999046325684,43.712447,-72.2861957
2.200000047683716,43.712421,-72.2862181
2.200000047683716,43.7123963,-72.2862452
2.200000047683716,43.7123793,-72.286282
2.200000047683716,43.7123762,-72.2863047
2.200000047683716,43.7123808,-72.286309
2.200000047683716,43.7123853,-72.2863052
2.200000047683716,43.7123932,-72.286294
2.200000047683716,43.712399,-72.2862853
2.200000047683716,43.7124074,-72.2862714
2.200000047683716,43.7124101,-72.2862657
2.200000047683716,43.7124125,-72.2862596
2.200000047683716,43.7124125,-72.2862577
2.200000047683716,43.7124118,-72.286254
2.200000047683716,43.7124107,-72.2862518
2.200000047683716,43.7124074,-72.2862534
2.200000047683716,43.712406,-72.2862628
2.200000047683716,43.7124031,-72.286275
2.200000047683716,43.7123984,-72.2862924
2.200000047683716,43.7123943,-72.2863128
2.200000047683716,43.7123892,-72.2863322
2.200000047683716,43.7123804,-72.2863456
2.200000047683716,43.7123661,-72.2863641
2.200000047683716,43.7123538,-72.2863705
2.200000047683716,43.7123459,-72.2863654
2.200000047683716,43.7123438,-72.2863456
2.200000047683716,43.7123492,-72.2863106
2.200000047683716,43.712351,-72.2862811
2.200000047683716,43.7123502,-72.2862628
2.200000047683716,43.7123462,-72.286253
2.200000047683716,43.7123439,-72.2862479
2.200000047683716,43.7123447,-72.2862542
2.200000047683716,43.7123478,-72.2862685
2.200000047683716,43.7123516,-72.2862684
2.200000047683716,43.7123535,-72.2862664
2.5999999046325684,43.7123573,-72.2862608
2.200000047683716,43.7123609,-72.2862556
2.200000047683716,43.7123695,-72.2862453
2.200000047683716,43.7123766,-72.2862371
2.200000047683716,43.7123882,-72.2862206
2.200000047683716,43.7123935,-72.2862106
2.200000047683716,43.7124102,-72.2861877
2.200000047683716,43.7124255,-72.2861753
2.5999999046325684,43.7124332,-72.2862051
2.9000000953674316,43.7124805,-72.286225
3.5999999046325684,43.7125043,-72.2862371
3.9000000953674316,43.7125228,-72.2862673
4.199999809265137,43.7125583,-72.2862775
3.9000000953674316,43.712599,-72.2862553
3.9000000953674316,43.7126216,-72.2862378
3.9000000953674316,43.7126375,-72.2862537
3.9000000953674316,43.7126404,-72.2862631
4.199999809265137,43.7126447,-72.2862738
4.199999809265137,43.7126469,-72.2862789
4.199999809265137,43.7126526,-72.2862898
4.199999809265137,43.7126543,-72.2863025
4.199999809265137,43.7126518,-72.2863137
4.199999809265137,43.7126478,-72.2863262
4.199999809265137,43.7126452,-72.286335
4.199999809265137,43.7126409,-72.2863414
4.199999809265137,43.7126351,-72.2863465
4.5,43.7126236,-72.2863564
4.5,43.7126196,-72.2863587
4.5,43.7126148,-72.2863602
4.5,43.7126109,-72.2863549
4.5,43.7126116,-72.2863423
4.199999809265137,43.7126136,-72.2863241
4.5,43.71261,-72.2863153
4.5,43.7126074,-72.2863153
4.5,43.7126055,-72.2863164
4.5,43.7126008,-72.2863185
4.5,43.7125974,-72.2863197
4.5,43.712592,-72.2863203
4.5,43.7125885,-72.286322
4.5,43.7125837,-72.2863235
4.5,43.7125819,-72.2863252
4.5,43.7125802,-72.2863246
4.5,43.7125765,-72.2863202
4.5,43.7125743,-72.2863213
4.5,43.7125751,-72.2863199
4.5,43.712576,-72.2863179
4.5,43.7125743,-72.2863186
4.5,43.7125687,-72.2863182
4.5,43.7125652,-72.2863188
4.5,43.7125605,-72.2863195
4.5,43.7125556,-72.2863154
4.5,43.7125527,-72.2863121
4.5,43.712551,-72.2863089
4.5,43.712554,-72.2863061
4.5,43.7125583,-72.286302
4.5,43.7125586,-72.2863008
4.5,43.7125619,-72.2862973
4.5,43.7125698,-72.2862935
4.5,43.7125692,-72.2862942
4.5,43.7125673,-72.2862955
4.5,43.712572,-72.2862916
4.5,43.7125789,-72.2862913
4.5,43.7125817,-72.286289
4.5,43.7125842,-72.2862895
4.5,43.7125872,-72.28629
4.5,43.7125889,-72.2862901
4.5,43.7125935,-72.2862843
4.5,43.7125967,-72.286281
4.5,43.7125994,-72.2862813
4.5,43.7125996,-72.28628
4.5,43.7125952,-72.2862785
4.5,43.7125945,-72.2862786
4.5,43.712596,-72.2862747
4.5,43.7125961,-72.2862723
4.5,43.7125974,-72.2862727
4.5,43.7125967,-72.2862749
4.5,43.7125842,-72.2863077
4.900000095367432,43.7125732,-72.2863548
5.199999809265137,43.7125621,-72.2864002
5.199999809265137,43.7125529,-72.2864377
5.5,43.7125411,-72.2864742
5.5,43.7125306,-72.2865116
5.5,43.7125214,-72.2865465
5.5,43.7125085,-72.2865814
5.5,43.7124961,-72.2866158
5.5,43.7124928,-72.2866278
5.199999809265137,43.7124857,-72.2866448
5.5,43.712482,-72.2866509
5.5,43.7124773,-72.2866452
5.199999809265137,43.7124674,-72.2866304
5.199999809265137,43.7124821,-72.2866253
5.199999809265137,43.712488,-72.2866386
5.199999809265137,43.7124977,-72.2866535
5.199999809265137,43.7125001,-72.2866473
5.199999809265137,43.7124974,-72.2866449
5.5,43.7124817,-72.2866336
5.199999809265137,43.7124712,-72.2866186
5.199999809265137,43.7124853,-72.2866088
5.5,43.7125065,-72.2865849
5.5,43.7125174,-72.2865664
5.5,43.71253,-72.2865409
5.5,43.7125334,-72.2865316
5.5,43.7125349,-72.286516
5.5,43.712537,-72.2865081
5.5,43.7125456,-72.2864745
5.199999809265137,43.7125455,-72.2864365
5.199999809265137,43.7125447,-72.286407
5.199999809265137,43.7125475,-72.2863955
5.199999809265137,43.7125557,-72.2863869
5.199999809265137,43.7125621,-72.2863833
5.199999809265137,43.7125763,-72.2863717
5.199999809265137,43.7125825,-72.2863684
5.199999809265137,43.7125831,-72.2863719
5.199999809265137,43.7125801,-72.2863822
5.5,43.7125645,-72.286405
5.199999809265137,43.7125567,-72.2864084
5.5,43.7125594,-72.2864058
5.199999809265137,43.7125594,-72.2864082
5.199999809265137,43.7125532,-72.2864085
5.199999809265137,43.7125497,-72.286416
5.199999809265137,43.7125652,-72.2864025
5.199999809265137,43.7125668,-72.2863998
5.199999809265137,43.7125643,-72.286397
5.199999809265137,43.7125587,-72.2863899
5.5,43.7125474,-72.2863906
5.199999809265137,43.7125477,-72.2864134
5.199999809265137,43.7125454,-72.2864323
5.199999809265137,43.7125333,-72.2864396
5.199999809265137,43.7125185,-72.2864451
5.199999809265137,43.7125087,-72.286462
5.5,43.7125112,-72.2864597
5.5,43.7125221,-72.2864452
5.5,43.7125261,-72.2864363
5.5,43.7125305,-72.2864143
5.199999809265137,43.7125328,-72.2863932
5.199999809265137,43.7125295,-72.2863633
5.199999809265137,43.7125339,-72.2863387
4.900000095367432,43.7125419,-72.286298
4.900000095367432,43.7125429,-72.2862592
4.199999809265137,43.712544,-72.2862325
4.199999809265137,43.7125464,-72.2862216
3.9000000953674316,43.7125493,-72.2861951
3.5999999046325684,43.712551,-72.286181
2.9000000953674316,43.7125481,-72.2861418
2.5999999046325684,43.7125483,-72.2861171
2.200000047683716,43.7125578,-72.2860925
3.200000047683716,43.712568,-72.2860743
3.5999999046325684,43.7125706,-72.2860716
2.5999999046325684,43.7125914,-72.2860716
2.5999999046325684,43.7126095,-72.2860793
2.5999999046325684,43.7126181,-72.2860854
2.5999999046325684,43.712618,-72.2860855
-1.0,43.7126204,-72.2860895
-1.0,43.7126347,-72.2861047
-1.0,43.7126351,-72.2861031
2.9000000953674316,43.7126383,-72.2861048
-1.0,43.7126328,-72.2861176
-1.0,43.7126302,-72.2861229
4.199999809265137,43.7126207,-72.2861551
4.199999809265137,43.7126182,-72.28616
18.299999237060547,43.7125981,-72.2861917
18.299999237060547,43.7125899,-72.2861949
18.299999237060547,43.712579,-72.2861947
18.299999237060547,43.7125685,-72.286196
18.299999237060547,43.712501,-72.2862358
18.299999237060547,43.7124913,-72.2862451
18.299999237060547,43.7124695,-72.2862692
18.299999237060547,43.7124607,-72.2862778
18.299999237060547,43.7124304,-72.2863051
18.299999237060547,43.7124221,-72.2863134
18.299999237060547,43.7123809,-72.2863457
18.299999237060547,43.7123744,-72.2863478
18.299999237060547,43.712367,-72.2863489
18.299999237060547,43.7123432,-72.286355
18.299999237060547,43.7123211,-72.2863656
18.299999237060547,43.712312,-72.286371
18.299999237060547,43.712286,-72.2863852
18.299999237060547,43.7122794,-72.2864161
18.299999237060547,43.7122788,-72.2864202
22.600000381469727,43.7122788,-72.2864156
26.200000762939453,43.7122774,-72.2864119
21.899999618530273,43.7122767,-72.2864099
5.900000095367432,43.7122729,-72.2863905
5.900000095367432,43.712287,-72.2863812
5.900000095367432,43.7123042,-72.2864045
5.900000095367432,43.7123091,-72.2864204
5.5,43.71232,-72.2864466
6.199999809265137,43.7123271,-72.2864568
6.5,43.7123456,-72.286473
5.900000095367432,43.7123667,-72.2864858
5.900000095367432,43.7123844,-72.2864982
6.199999809265137,43.7124006,-72.2865176
5.900000095367432,43.7124162,-72.2865384
5.900000095367432,43.7124294,-72.2865543
6.5,43.7124431,-72.2865747
6.800000190734863,43.7124566,-72.2866023
6.5,43.7124608,-72.2866104
6.800000190734863,43.7124635,-72.2866221
6.800000190734863,43.7124634,-72.2866307
6.800000190734863,43.71246,-72.2866627
6.800000190734863,43.7124599,-72.2866947
6.5,43.7124596,-72.286724
6.5,43.7124592,-72.2867598
5.900000095367432,43.7124729,-72.2867642
6.199999809265137,43.7124929,-72.2867347
6.199999809265137,43.7124873,-72.2867268
6.199999809265137,43.7124827,-72.2867354
6.199999809265137,43.7124803,-72.2867381
6.199999809265137,43.7124748,-72.2867413
6.199999809265137,43.7124704,-72.2867411
6.199999809265137,43.7124508,-72.286734
5.5,43.7124435,-72.2867162
6.199999809265137,43.7124694,-72.2866861
5.900000095367432,43.7125001,-72.286678
5.900000095367432,43.712517,-72.2866724
15.399999618530273,43.7125272,-72.2867016
6.5,43.7125287,-72.2867096
6.5,43.7125298,-72.2867154
6.5,43.7125338,-72.2867214
6.5,43.7125336,-72.2867203
6.5,43.7125296,-72.2867079
6.5,43.7125399,-72.2866902
6.5,43.7125255,-72.2866821
6.800000190734863,43.7125138,-72.2866914
6.5,43.7125011,-72.2866678
6.5,43.7124802,-72.286649
6.800000190734863,43.7124743,-72.2866529
6.5,43.7124752,-72.2866462
6.5,43.7124761,-72.2866417
6.800000190734863,43.7124743,-72.2866217
6.800000190734863,43.7124749,-72.2866104
6.800000190734863,43.7124773,-72.2866023
6.800000190734863,43.7124822,-72.2865909
6.800000190734863,43.7124911,-72.2865748
6.800000190734863,43.7124955,-72.2865463
6.800000190734863,43.7124961,-72.2865379
6.800000190734863,43.7124839,-72.2865219
6.800000190734863,43.712477,-72.286514
6.800000190734863,43.712468,-72.2864888
6.5,43.7124668,-72.2864709
6.199999809265137,43.7124664,-72.2864573
6.199999809265137,43.7124806,-72.2864344
6.199999809265137,43.7125148,-72.2864008
5.900000095367432,43.7125391,-72.2863676
5.900000095367432,43.7125459,-72.2863561
6.199999809265137,43.7125547,-72.2863383
6.199999809265137,43.7125612,-72.2863287
5.5,43.7125856,-72.2863008
5.199999809265137,43.712608,-72.2862766
5.199999809265137,43.7126207,-72.2862503
4.900000095367432,43.7126336,-72.2862244
4.5,43.7126574,-72.2862007
4.5,43.7126748,-72.2861743
4.199999809265137,43.7126759,-72.2861668
2.5999999046325684,43.7126771,-72.286164
2.5999999046325684,43.7126795,-72.2861539
2.5999999046325684,43.712683,-72.2861469
2.5999999046325684,43.7126753,-72.2861419
2.5999999046325684,43.7126796,-72.2861657
2.9000000953674316,43.7126777,-72.2861662
3.200000047683716,43.7126713,-72.2861918
3.5999999046325684,43.7126777,-72.2862202
3.5999999046325684,43.7126813,-72.2862345
3.5999999046325684,43.7126756,-72.2862475
3.5999999046325684,43.7126676,-72.2862543
3.9000000953674316,43.712666,-72.2862608
3.9000000953674316,43.7126707,-72.2862737
3.9000000953674316,43.7126723,-72.2862806
4.199999809265137,43.712672,-72.2862918
4.199999809265137,43.7126704,-72.2862993
4.199999809265137,43.7126682,-72.2863176
4.199999809265137,43.7126636,-72.2863309
4.199999809265137,43.7126624,-72.2863414
4.199999809265137,43.712661,-72.2863456
4.5,43.7126621,-72.2863535
4.5,43.7126674,-72.2863591
4.5,43.7126715,-72.28636
4.5,43.7126714,-72.2863603
4.5,43.7126708,-72.2863604
4.5,43.7126715,-72.2863607
4.5,43.7126713,-72.2863585
4.5,43.7126688,-72.286356
4.5,43.7126666,-72.2863512
4.5,43.7126636,-72.2863435
4.5,43.7126622,-72.2863212
4.5,43.7126574,-72.2863121
4.5,43.7126546,-72.2863104
4.5,43.7126506,-72.2863026
4.5,43.7126479,-72.2862949
4.5,43.71264,-72.2862874
4.5,43.7126361,-72.2862897
4.5,43.7126391,-72.2862957
4.5,43.7126418,-72.286304
4.5,43.7126421,-72.2863083
4.5,43.7126393,-72.2863127
4.5,43.7126353,-72.286314
4.5,43.7126337,-72.2863151
4.5,43.7126322,-72.2863171
4.5,43.7126317,-72.286318
4.5,43.7126294,-72.2863203
4.5,43.7126242,-72.2863226
4.5,43.7126164,-72.2863265
4.5,43.7126108,-72.2863311
4.5,43.7126081,-72.2863358
4.5,43.7126107,-72.2863414
4.5,43.7126139,-72.286342
4.5,43.7126135,-72.2863427
4.5,43.7126125,-72.2863433
4.5,43.7126122,-72.2863424
4.5,43.7126143,-72.2863384
4.5,43.7126159,-72.2863392
4.5,43.7126194,-72.2863384
4.5,43.7126242,-72.2863389
4.5,43.7126313,-72.286336
4.5,43.7126367,-72.2863272
4.5,43.7126371,-72.2863099
4.5,43.7126366,-72.2863036
4.5,43.7126341,-72.2862933
4.5,43.712632,-72.2862883
4.199999809265137,43.7126227,-72.2862752
4.199999809265137,43.7126192,-72.2862713
4.199999809265137,43.7126174,-72.2862702
4.199999809265137,43.7126073,-72.2862579
4.199999809265137,43.7126085,-72.2862712
4.199999809265137,43.7126275,-72.2862918
4.199999809265137,43.712636,-72.2863039
4.199999809265137,43.7126373,-72.2863033
4.199999809265137,43.7126352,-72.2862945
4.199999809265137,43.7126349,-72.2862906
3.9000000953674316,43.7126338,-72.2862697
3.5999999046325684,43.7126305,-72.2862578
3.5999999046325684,43.712641,-72.2862429
3.5999999046325684,43.7126367,-72.2862269
3.200000047683716,43.712632,-72.2862189
3.200000047683716,43.7126158,-72.2862067
2.9000000953674316,43.7125962,-72.2861886
2.9000000953674316,43.7125723,-72.2861774
2.5999999046325684,43.7125515,-72.2861557
2.200000047683716,43.7125473,-72.2861388
2.200000047683716,43.7125475,-72.2861265
2.5999999046325684,43.7125477,-72.2861156
2.200000047683716,43.7125478,-72.2861142
2.200000047683716,43.7125489,-72.2861341
2.5999999046325684,43.7125572,-72.2861586
2.9000000953674316,43.7125752,-72.2861945
3.5999999046325684,43.7126005,-72.2862234
3.5999999046325684,43.7126036,-72.2862233
3.5999999046325684,43.7126097,-72.2862242
3.5999999046325684,43.7126121,-72.2862262
3.5999999046325684,43.7126119,-72.2862351
3.5999999046325684,43.7126092,-72.2862477
3.5999999046325684,43.7126066,-72.2862681
3.5999999046325684,43.7126067,-72.2862945
3.5999999046325684,43.7126057,-72.2863111
3.5999999046325684,43.7126021,-72.2863219
3.5999999046325684,43.7125984,-72.286321
3.5999999046325684,43.7125952,-72.2863126
3.5999999046325684,43.7125932,-72.2863057
3.5999999046325684,43.7125923,-72.2863054
3.5999999046325684,43.7125885,-72.2863006
3.5999999046325684,43.7125868,-72.2862983
3.5999999046325684,43.7125844,-72.2862952
3.5999999046325684,43.712583,-72.2862932
3.5999999046325684,43.7125788,-72.286292
3.5999999046325684,43.7125716,-72.2862962
3.5999999046325684,43.7125682,-72.2862913
3.5999999046325684,43.7125667,-72.286277
3.5999999046325684,43.7125671,-72.2862694
3.5999999046325684,43.7125759,-72.2862676
3.5999999046325684,43.712586,-72.2862753
3.5999999046325684,43.7125951,-72.2862773
3.5999999046325684,43.7126017,-72.2862706
3.5999999046325684,43.7126029,-72.2862662
3.5999999046325684,43.7126026,-72.2862639
3.5999999046325684,43.7126006,-72.2862643
3.5999999046325684,43.7125994,-72.2862626
3.5999999046325684,43.7126007,-72.2862596
3.5999999046325684,43.7126023,-72.2862525
3.5999999046325684,43.7126022,-72.2862475
3.5999999046325684,43.7125988,-72.286245
3.5999999046325684,43.7125958,-72.2862401
3.5999999046325684,43.7125919,-72.2862406
3.5999999046325684,43.7125872,-72.2862361
3.5999999046325684,43.7125858,-72.286229
3.200000047683716,43.7125841,-72.2862221
3.5999999046325684,43.7125845,-72.2862135
3.200000047683716,43.7125819,-72.2862123
3.200000047683716,43.7125768,-72.2862143
3.200000047683716,43.7125738,-72.2862158
3.200000047683716,43.7125712,-72.2862153
3.200000047683716,43.712569,-72.2862119
3.200000047683716,43.7125684,-72.2862102
3.200000047683716,43.7125654,-72.2862049
3.200000047683716,43.7125628,-72.2861989
3.200000047683716,43.7125595,-72.2861924
2.9000000953674316,43.7125573,-72.2861905
2.9000000953674316,43.7125542,-72.2861866
2.9000000953674316,43.7125528,-72.286185
2.9000000953674316,43.7125494,-72.2861827
2.9000000953674316,43.7125436,-72.2861729
2.9000000953674316,43.7125367,-72.2861646
2.9000000953674316,43.7125318,-72.2861575
2.9000000953674316,43.7125252,-72.2861495
2.9000000953674316,43.7125209,-72.2861459
2.5999999046325684,43.712514,-72.2861494
2.5999999046325684,43.7125122,-72.2861577
2.9000000953674316,43.7125204,-72.2861935
3.9000000953674316,43.7125179,-72.2862468
4.199999809265137,43.7125095,-72.2862833
4.900000095367432,43.7125059,-72.2863216
4.900000095367432,43.7125066,-72.2863385
5.199999809265137,43.7125022,-72.2863795
5.199999809265137,43.7124896,-72.286416
5.199999809265137,43.7124751,-72.2864537
5.199999809265137,43.7124642,-72.2864886
5.199999809265137,43.7124588,-72.2865277
5.5,43.7124509,-72.2865643
5.5,43.7124474,-72.2865785
5.5,43.7124435,-72.2866034
5.5,43.7124416,-72.2866189
5.5,43.7124337,-72.2866556
5.5,43.7124265,-72.2866931
5.199999809265137,43.7124198,-72.2867259
5.199999809265137,43.712431,-72.2867504
5.199999809265137,43.7124466,-72.2867328
5.199999809265137,43.712446,-72.2867192
5.199999809265137,43.7124454,-72.2867069
5.199999809265137,43.7124461,-72.2867019
5.199999809265137,43.7124561,-72.2867001
5.199999809265137,43.7124844,-72.2867208
5.199999809265137,43.7124942,-72.2866917
5.199999809265137,43.7125003,-72.2866818
5.199999809265137,43.7125081,-72.286708
5.199999809265137,43.7125277,-72.2867175
5.199999809265137,43.7125311,-72.2867167
5.199999809265137,43.712543,-72.2866897
5.199999809265137,43.7125549,-72.2866648
5.199999809265137,43.712573,-72.2866693
4.900000095367432,43.712598,-72.2866797
5.199999809265137,43.7126144,-72.2866606
5.199999809265137,43.7126004,-72.2866373
5.199999809265137,43.7125887,-72.286622
4.900000095367432,43.7125697,-72.2866047
5.199999809265137,43.7125621,-72.2866042
5.199999809265137,43.7125572,-72.2866148
5.199999809265137,43.7125522,-72.2866342
4.900000095367432,43.7125334,-72.2866366
5.199999809265137,43.7125131,-72.2866434
5.199999809265137,43.7124891,-72.2866507
5.199999809265137,43.7124576,-72.2866565
5.199999809265137,43.7124469,-72.2866581
5.199999809265137,43.7124312,-72.2866609
5.199999809265137,43.7124224,-72.2866619
5.199999809265137,43.7123982,-72.286663
5.199999809265137,43.7123749,-72.286664
5.199999809265137,43.7123603,-72.2866653
5.5,43.7123658,-72.2866682
5.5,43.7123809,-72.2866308
5.5,43.7123877,-72.2866134
5.5,43.7123972,-72.2865937
5.5,43.7124025,-72.2865852
5.5,43.7124093,-72.2865792
5.5,43.7124286,-72.2866036
5.5,43.7124459,-72.2866069
5.5,43.7124593,-72.2865905
5.199999809265137,43.7124774,-72.2865881
5.199999809265137,43.7124873,-72.2865888
5.199999809265137,43.7124994,-72.2865849
5.5,43.7125069,-72.2865809
5.5,43.7125271,-72.2865624
5.199999809265137,43.7125471,-72.2865519
5.199999809265137,43.7125567,-72.2865568
5.199999809265137,43.7125761,-72.2865742
5.199999809265137,43.7125753,-72.2865684
5.199999809265137,43.7125535,-72.2865582
5.199999809265137,43.7125471,-72.2865513
5.199999809265137,43.7125428,-72.2865329
5.199999809265137,43.7125332,-72.2865187
5.199999809265137,43.712524,-72.2865118
5.5,43.71251,-72.2865155
5.5,43.7124945,-72.2865139
5.5,43.7124741,-72.2865149
5.5,43.7124522,-72.2865276
5.5,43.7124429,-72.2865301
5.5,43.7124191,-72.2865334
5.5,43.7123968,-72.2865371
5.5,43.7123852,-72.2865313
5.199999809265137,43.712389,-72.286525
5.199999809265137,43.7123982,-72.2865056
5.199999809265137,43.7124037,-72.2864898
5.5,43.7124135,-72.2864797
5.5,43.7124227,-72.2864772
5.5,43.7124382,-72.286474
5.5,43.7124473,-72.2864716
5.5,43.7124661,-72.2864661
5.5,43.7124886,-72.2864631
5.5,43.7125117,-72.2864622
5.5,43.7125201,-72.2864569
5.5,43.7125081,-72.2864523
5.5,43.7125056,-72.28645
5.5,43.7125026,-72.2864473
5.5,43.7125004,-72.2864415
5.5,43.7124914,-72.2864178
5.5,43.7124816,-72.2863986
5.199999809265137,43.7124741,-72.2863849
5.199999809265137,43.7124699,-72.2863848
5.5,43.7124653,-72.2863893
5.5,43.7124603,-72.2863889
5.5,43.7124464,-72.286389
5.5,43.7124417,-72.2863936
5.5,43.7124351,-72.2864164
5.5,43.7124306,-72.2864193
5.5,43.7124309,-72.2864011
5.199999809265137,43.7124394,-72.2863704
5.199999809265137,43.7124371,-72.2863481
5.199999809265137,43.7124394,-72.2863344
5.199999809265137,43.7124393,-72.2863309
5.199999809265137,43.7124405,-72.286329
5.199999809265137,43.7124459,-72.2863357
5.199999809265137,43.7124488,-72.2863486
5.199999809265137,43.7124503,-72.2863592
5.199999809265137,43.7124483,-72.2863641
5.199999809265137,43.7124496,-72.2863691
5.199999809265137,43.71245,-72.2863695
5.199999809265137,43.7124485,-72.2863691
5.199999809265137,43.7124471,-72.2863675
5.199999809265137,43.7124476,-72.2863655
5.199999809265137,43.7124569,-72.2863688
5.199999809265137,43.7124607,-72.2863659
5.199999809265137,43.7124612,-72.2863614
5.199999809265137,43.7124625,-72.2863604
5.199999809265137,43.7124619,-72.2863647
5.199999809265137,43.7124604,-72.2863684
5.199999809265137,43.7124568,-72.286375
5.199999809265137,43.7124547,-72.2863783
5.199999809265137,43.7124536,-72.2863802
5.199999809265137,43.7124528,-72.2863835
5.199999809265137,43.7124496,-72.2863867
5.199999809265137,43.7124448,-72.2863942
5.199999809265137,43.7124381,-72.2864145
5.199999809265137,43.7124344,-72.2864256
5.199999809265137,43.7124346,-72.2864268
5.199999809265137,43.7124339,-72.2864283
5.199999809265137,43.7124342,-72.2864315
5.199999809265137,43.7124328,-72.2864342
5.199999809265137,43.7124273,-72.2864373
5.199999809265137,43.7124194,-72.286443
5.199999809265137,43.7124171,-72.286448
5.199999809265137,43.7124169,-72.2864495
5.199999809265137,43.7124181,-72.2864624
5.199999809265137,43.7124193,-72.2864726
5.199999809265137,43.7124165,-72.2864872
5.199999809265137,43.7124089,-72.2864888
5.199999809265137,43.7124018,-72.2864843
5.199999809265137,43.7124028,-72.2864775
5.199999809265137,43.7123897,-72.2864727
5.199999809265137,43.7123574,-72.28647
5.199999809265137,43.7123515,-72.286466
5.199999809265137,43.7123682,-72.2864581
5.199999809265137,43.7123775,-72.2864513
5.199999809265137,43.7123834,-72.2864437
5.199999809265137,43.7123903,-72.2864393
5.199999809265137,43.7124022,-72.286434
5.199999809265137,43.7124108,-72.2864181
5.199999809265137,43.712413,-72.2864133
5.199999809265137,43.7124114,-72.286409
5.199999809265137,43.7124075,-72.2864086
5.199999809265137,43.7124005,-72.2863991
5.199999809265137,43.7123983,-72.2863961
5.199999809265137,43.7123976,-72.2863919
5.199999809265137,43.7123977,-72.2863919
5.199999809265137,43.7123949,-72.2863896
5.199999809265137,43.7123936,-72.2863875
5.199999809265137,43.7123929,-72.2863859
5.199999809265137,43.7123902,-72.286382
5.199999809265137,43.7123871,-72.2863831
5.199999809265137,43.7123871,-72.2863813
5.199999809265137,43.7123892,-72.2863789
5.199999809265137,43.712393,-72.2863757
5.5,43.7124009,-72.2863627
5.5,43.7124076,-72.2863574
5.900000095367432,43.7124255,-72.2863524
6.199999809265137,43.7124399,-72.2863486
6.5,43.712447,-72.2863465
6.800000190734863,43.7124574,-72.2863425
6.800000190734863,43.7124632,-72.2863391
6.800000190734863,43.7124752,-72.2863288
7.199999809265137,43.7124907,-72.2863062
6.800000190734863,43.7125091,-72.2862784
6.199999809265137,43.7125269,-72.2862516
5.5,43.712543,-72.286226
3.200000047683716,43.7125513,-72.2862149
3.200000047683716,43.7125555,-72.2862088
3.200000047683716,43.7125606,-72.2861994
2.5999999046325684,43.7125751,-72.2861812
2.200000047683716,43.712592,-72.2861601
2.200000047683716,43.7126115,-72.2861407
2.5999999046325684,43.7126225,-72.2861405
2.200000047683716,43.7126325,-72.2861404
2.5999999046325684,43.7126352,-72.286148
2.200000047683716,43.7126365,-72.2861562
2.200000047683716,43.7126388,-72.2861684
2.200000047683716,43.7126377,-72.2861952
-1.0,43.7126362,-72.2862584
-1.0,43.7126328,-72.2862767
-1.0,43.71263,-72.2862856
-1.0,43.7126229,-72.2862893
-1.0,43.7126224,-72.2862741
-1.0,43.7126252,-72.2862384
-1.0,43.7126264,-72.2862314
-1.0,43.7126296,-72.2861884
-1.0,43.7126266,-72.2861827
-1.0,43.7126085,-72.2861508
-1.0,43.7126091,-72.2861494
-1.0,43.7126129,-72.2861412
-1.0,43.7126139,-72.2861369
-1.0,43.7126157,-72.2861357
-1.0,43.7126167,-72.2861381
-1.0,43.7126151,-72.2861203
-1.0,43.7126266,-72.2861039
-1.0,43.7126318,-72.2860968
-1.0,43.7126417,-72.2860859
-1.0,43.7126916,-72.2860409
-1.0,43.7127189,-72.2860149
-1.0,43.7127334,-72.285998
